w,t,s,l,m,j,h
19.1,24.6,海南,11,东方,108.6167,59838
20,23.8,海南,11,海口,110.25,59758
22.275,23.6,广东,12,珠海,113.5669,59488
20.3372,23.4,广东,12,徐闻,110.1794,59754
19.2089,23.2,海南,12,琼海,110.4819,59855
21.7358,23.2,广东,11,上川岛,112.7731,59673
23.3853,23,广东,11,汕头,116.6792,59316
22.5417,23,广东,12,深圳,114.0033,59493
19.5167,22.9,海南,12,儋州,109.5833,59845
21.1547,22.7,广东,12,湛江,110.3022,59658
21.45,22.7,广西,12,北海,109.1333,59644
22.5,22.6,广东,12,中山,113.4,59485
21.8453,22.6,广东,12,阳江,111.9783,59663
22.3469,22.6,广东,12,信宜,110.925,59456
22.8,22.5,广东,12,汕尾,115.3667,59501
23.4275,22.3,广东,12,南澳,117.0292,59324
22.71,22.3,广东,12,罗定,111.6,59462
19.0333,22.3,海南,12,琼中,109.8333,59849
21.5458,22.2,广东,11,电白,110.9886,59664
22.9661,21.9,广东,12,东莞,113.7389,59289
22.2472,21.8,广东,12,台山,112.7858,59478
22.9836,21.6,广东,12,惠来,116.3014,59317
22.9906,21,广东,12,高要,112.4786,59278
23.9,20.8,广西,12,百色,106.6,59211
23.0711,20.4,广东,12,惠阳,114.3744,59298
23.4497,20.4,广东,12,揭西,115.8492,59306
23.3353,20.4,广东,11,增城,113.8275,59294
23.4167,19.9,广西,12,那坡,105.8333,59209
24.9,19.7,福建,11,崇武,118.9167,59133
24.4833,19.7,福建,12,厦门,118.0667,59134
23.7936,19.6,广东,12,河源,114.7297,59293
23.7106,19.4,广东,12,清远,113.085,59280
23.1,19.4,广西,12,靖西,106.45,59218
23.6,19.4,广西,13,田东,107.1167,59224
25.5167,19.2,福建,12,平潭,119.7833,58944
25.05,19.2,福建,12,龙岩,117.0167,58927
23.21,19,广东,12,广州,113.4822,59287
21.9833,18.9,广西,12,钦州,108.6,59632
21.4744,18.7,云南,11,勐腊,101.5772,56969
22.4167,18.7,广西,11,灵山,109.3,59446
25.3,18.6,福建,12,漳平,117.4167,58926
23.2833,18.6,广西,12,平果,107.5667,59228
24.3439,18.5,广东,12,大埔,116.6997,59116
23.6372,18.4,广东,12,广宁,112.4242,59271
23.8814,18.4,广东,12,佛冈,113.5228,59087
24.2811,18.3,广东,12,梅县,116.0692,59117
23.6286,18.2,广东,12,紫金,115.1761,59304
23.9114,18.2,广东,12,五华,115.7514,59303
24.1906,18.1,广东,12,英德,113.4133,59088
24.0558,18,广东,12,新丰,114.1922,59097
26.15,17.9,福建,12,尤溪,118.15,58837
24.7333,17.9,福建,12,永定,116.7167,59113
23.6,17.9,云南,11,元江,101.9833,56966
23.4833,17.8,广西,11,梧州,111.3,59265
22.7833,17.7,广西,12,南宁,108.55,59431
26.0833,17.6,福建,11,福州,119.2833,58847
24.3683,17.5,广东,12,连平,114.49,59096
26.6667,17.5,福建,12,宁德,119.5167,58846
23.9333,17.5,广西,11,都安,108.1,59037
25.05,17.1,福建,12,上杭,116.4167,58918
25.1833,16.9,贵州,12,望谟,106.0833,57906
24.7,16.9,广西,12,河池,108.0333,59023
23.7667,16.8,广西,12,来宾,109.15,59242
24.6667,16.7,广东,12,韶关,113.6,59082
24.55,16.7,广西,12,凤山,107.0333,59021
25.4333,16.6,贵州,12,罗甸,106.7667,57916
26.8833,16.5,福建,12,霞浦,120.0167,58843
27.3333,16.5,福建,12,福鼎,120.2,58754
24.1258,16.3,广东,12,龙川,115.2925,59107
27.05,16.1,福建,11,建瓯,118.3167,58737
24.95,15.9,江西,12,寻乌,115.65,59102
27.7833,15.6,浙江,12,瑞安,120.65,58752
30.7333,15.5,浙江,11,嵊泗,122.45,58472
28.0333,15.5,浙江,13,温州,120.65,58659
30.0333,15.4,浙江,12,定海,122.1,58477
28.1667,15.3,四川,12,叙永,105.4333,57608
23.3322,15.3,云南,13,文山,104.2767,56994
22.7869,15.3,云南,12,思茅,100.9647,56964
24.2,15.2,广西,12,蒙山,110.5167,59058
22.6081,15,云南,12,江城,101.8558,56977
24.0667,15,云南,12,广南,105.0667,59007
28.4667,15,浙江,12,丽水,119.9333,58646
27.3333,14.9,福建,12,建阳,118.1167,58734
24.8667,14.9,江西,12,龙南,114.8,59092
25.0806,14.8,广东,11,南雄,114.255,57996
27.7667,14.8,福建,12,武夷山,118.0333,58730
25.85,14.7,福建,12,长汀,116.3667,58911
25.4167,14.7,贵州,12,荔波,107.8833,57926
22.5667,14.7,云南,12,澜沧,99.9333,56954
28.45,14.7,浙江,11,大陈,121.9,58666
24.8922,14.6,云南,13,宜良,103.1356,56880
31.2,14.6,上海,13,徐家汇,121.4333,58367
24.4167,14.5,广西,12,八步,111.5,59065
22.8108,14.4,广东,12,连州,112.3708,59072
30.2,14.4,浙江,12,慈溪,121.3,58467
28.1,14.4,浙江,12,云和,119.5667,58742
28.0833,14.3,浙江,13,龙泉,119.1333,58647
25.9333,14.2,贵州,12,榕江,108.5167,57932
25.8667,14.2,江西,12,赣县,115.0167,57993
25.3167,14.2,广西,12,桂林,110.3,57957
28.0833,14.2,浙江,12,玉环,121.2667,58667
29.8,14.1,浙江,12,鄞县,121.5,58562
28.8667,14.1,浙江,12,仙居,120.7167,58652
28.6167,14.1,浙江,12,洪家,121.4167,58665
28.6833,14,江西,11,玉山,118.25,58634
32.0667,14,江苏,11,吕泗,121.6,58265
28.3167,13.9,江西,12,贵溪,117.2333,58626
29.25,13.9,江西,12,武宁,115.1167,58507
24.3667,13.9,广西,12,柳州,109.4667,59046
28.8667,13.9,浙江,13,临海,121.1833,58660
27.3333,13.8,福建,12,邵武,117.4667,58725
23.6167,13.8,云南,12,砚山,104.3333,56991
31.4,13.8,上海,12,宝山,121.45,58362
25.2333,13.8,广西,12,融安,109.4,57947
30.05,13.8,浙江,12,上虞,120.8167,58553
26.4833,13.7,江西,12,宁都,116.0167,58806
28.45,13.7,江西,12,上饶,117.9833,58637
29.3692,13.7,湖南,12,南县,112.3936,57574
26.4947,13.6,四川,13,仁和,101.7492,56674
29.5647,13.6,四川,11,乐山,103.7553,56386
27.9167,13.6,福建,12,浦城,118.5333,58731
28.5833,13.6,江西,12,南昌,115.9,58606
29.3436,13.5,四川,13,汉源,102.6367,56376
28.7689,13.5,四川,12,宜宾,104.6053,56492
27.05,13.5,江西,12,吉安县,114.9167,57799
29,13.5,江西,12,波阳,116.6667,58519
26.3333,13.5,江西,11,遂川,114.5167,57896
27.2167,13.5,江西,12,南丰,116.5333,58718
30.7667,13.5,重庆,12,万州,108.4,57432
31.0333,13.5,重庆,12,奉节,109.4833,57348
29.5833,13.5,重庆,12,沙坪坝,106.4667,57516
31.4,13.5,江苏,12,昆山,121,58356
29.2,13.5,浙江,12,石浦,121.95,58569
29.3,13.4,江西,12,景德镇,117.2,58527
27.9833,13.4,江西,12,樟树,115.55,58608
28.95,13.4,江西,12,德兴,117.5833,58622
27.1333,13.3,江西,12,莲花,113.95,57789
27.7833,13.3,江西,11,宜春,114.3667,57793
28.3833,13.3,江西,12,宜丰,114.7667,57696
30.9833,13.3,安徽,12,铜陵,117.85,58429
26.8333,13.3,江西,12,广昌,116.3,58813
31.3833,13.3,安徽,13,芜湖,118.4167,58334
31.1167,13.3,安徽,12,芜湖县,118.6,58338
25.5336,13.3,湖南,12,道县,111.5961,57965
29.2833,13.3,重庆,12,江津,106.25,57517
29.3806,13.3,湖南,12,岳阳,113.0878,57584
29.6167,13.3,浙江,12,淳安,119.0167,58543
29.1167,13.2,浙江,12,金华,119.65,58549
27.3333,13.2,江西,12,永丰,115.4167,58705
27.5833,13.2,江西,11,南城,116.65,58715
31.4308,13.2,江苏,12,溧阳,119.5,58345
31.0667,13.1,安徽,11,桐城,116.95,58319
29.3,13.1,重庆,13,彭水,108.1667,57537
31.0797,13.1,江苏,12,东山,120.4344,58358
30.2333,13.1,浙江,11,杭州,120.1667,58457
30.65,13.1,浙江,12,平湖,121.1167,58464
26.75,13,江西,13,夏坪,114.2833,57883
26.2333,13,福建,12,宁化,116.6333,58818
27.95,13,贵州,12,思南,108.25,57731
29.7167,13,安徽,11,屯溪,118.2833,58531
27.8689,13,湖南,12,株洲,113.1736,57780
29.8667,13,重庆,12,丰都,107.7333,57523
26.8892,13,湖南,12,衡阳市,112.5958,57872
26.5761,12.9,四川,12,攀枝花,101.72,56666
25.5814,12.9,湖南,12,嘉禾,112.3653,57974
25.8667,12.9,云南,12,六库,98.85,56643
30.6167,12.8,安徽,12,宁国,118.9833,58436
29,12.8,重庆,12,綦江,106.65,57612
28.2117,12.8,湖南,13,马坡岭,113.1972,57679
23.5333,12.8,云南,12,耿马,99.4,56946
31.6167,12.8,江苏,12,无锡,120.35,58354
29.6,12.8,浙江,12,嵊州,120.8167,58556
31.8667,12.7,四川,12,巴中,106.7667,57313
26.9,12.7,福建,12,泰宁,117.1667,58820
28.85,12.7,江西,12,靖安,115.3667,58600
29.0167,12.7,江西,12,修水,114.5667,57598
29.6667,12.7,江西,13,九江,116.0167,58502
28.7283,12.7,湖南,12,湘阴,112.9253,57673
28.1086,12.7,湖南,12,长沙,112.7864,57687
27.0556,12.7,湖南,12,攸县,113.3531,57779
27.4486,12.7,湖南,12,双峰,112.1733,57774
26.4086,12.7,湖南,11,常宁,112.3942,57874
30.2167,12.7,浙江,12,临安,119.7,58448
26.1333,12.6,贵州,12,惠水,106.6333,57912
27.9167,12.6,湖南,12,溆浦,110.6,57752
28.7119,12.6,湖南,12,平江,113.5714,57682
28.85,12.6,湖南,12,沅江,112.3667,57671
30.8667,12.6,浙江,12,湖州,120.05,58450
27.45,12.5,福建,12,寿宁,119.4167,58744
29.85,12.5,安徽,12,祁门,117.7167,58520
29.9167,12.5,湖北,12,嘉鱼,113.9667,57583
29.3333,12.5,浙江,12,义乌,120.0833,58557
31.2075,12.4,四川,12,达县,107.5067,57328
27.8,12.4,贵州,12,仁怀,106.4,57710
26.2258,12.4,湖南,12,永州,111.6167,57866
31.5842,12.3,四川,12,阆中,105.9775,57306
28.7031,12.3,湖南,12,保靖,109.6511,57642
30.7489,12.2,四川,11,温江,103.8611,56187
25.0833,12.2,贵州,12,兴义,104.9,57907
28.4667,12.2,湖南,12,沅陵,110.4,57655
28.2381,12.2,湖南,11,吉首,109.6819,57649
27.45,12.2,湖南,12,芷江,109.6833,57745
29.8106,12.2,湖北,12,洪湖,113.4492,57581
37.4,12.1,山东,11,成山头,122.7,54776
27.75,12.1,湖南,12,新化,111.3,57761
29.8333,12.1,重庆,12,长寿,107.0667,57520
30.2861,12.1,湖北,11,恩施,109.4711,57447
27.7136,12,贵州,12,铜仁,109.1597,57741
28.1603,11.9,贵州,12,松桃,109.195,57647
29.9667,11.9,重庆,12,合川,106.2667,57512
24.4375,11.9,云南,12,景东,100.8606,56856
29.5833,11.9,湖南,11,石门,111.3633,57562
26.1667,11.9,湖南,12,通道,109.7833,57845
26.9,11.8,贵州,12,天柱,109.2,57840
31.5833,11.8,安徽,12,巢湖,117.8333,58326
29.1169,11.8,湖南,12,常德,111.6764,57662
30.5,11.7,四川,12,遂宁,105.55,57405
30.9953,11.7,四川,12,都江堰,103.6608,56188
29.9,11.7,湖北,12,阳新,115.2167,58500
29.8753,11.7,湖北,12,监利,112.9044,57573
29.4014,11.6,湖南,12,桑植,110.1622,57554
24.5333,11.6,云南,12,泸西,103.7667,56886
31.9333,11.6,江苏,11,南京,118.9,58238
25.7667,11.5,贵州,12,紫云,106.0833,57910
32.0667,11.4,四川,11,万源,108.0333,57237
31.4,11.4,安徽,12,霍山,116.3167,58314
31.7,11.4,安徽,12,马鞍山,118.5667,58336
26.0797,11.4,湖南,12,桂东,113.9447,57889
33.3167,11.4,陕西,11,略阳,106.15,57106
31.1983,11.4,湖北,12,钟祥,112.6325,57378
25.4333,11.3,贵州,11,兴仁,105.1833,57902
25.7353,11.3,湖南,12,郴州,112.9739,57972
30.7456,11.2,四川,12,高坪区,106.1319,57411
27.2333,11.2,贵州,12,余庆,107.8833,57729
29.6167,11.1,四川,12,东兴区,105.1167,57503
33.4,11.1,甘肃,12,武都,104.9167,56096
28.3833,11.1,湖南,12,安化,111.2167,57669
26.6333,11.1,云南,12,华坪,101.2667,56664
31.35,11.1,湖北,12,兴山,110.7333,57359
35.4681,11,山东,12,日照,119.555,54945
30.5978,11,湖北,12,武汉,114.0506,57494
30.7367,11,湖北,12,宜昌,111.3592,57461
28.5364,10.9,贵州,12,正安,107.4583,57625
27.7667,10.8,贵州,12,湄潭,107.4667,57722
32.0028,10.8,湖北,12,襄樊,112.0767,57278
29.5278,10.8,湖北,12,来凤,109.4208,57545
32.0833,10.8,江苏,12,南通,120.9833,58259
30.1333,10.7,四川,13,资阳,104.6,56298
25.8336,10.7,贵州,12,独山,107.5431,57922
25.1167,10.7,云南,12,保山隆阳,99.1833,56748
30.35,10.7,湖北,12,荆州,112.15,57476
31.0483,10.7,湖北,12,巴东,110.35,57355
27.9,10.5,四川,12,西昌,102.2667,56571
28.1333,10.5,贵州,11,桐梓,106.8333,57606
31.7833,10.5,安徽,12,合肥,117.3,58321
30.6,10.5,湖北,12,建始,109.72,57445
32.4244,10.4,四川,12,广元,105.8997,57206
26.6,10.3,贵州,12,凯里,107.9833,57825
26.9667,10.3,贵州,11,三穗,108.6667,57832
26.2333,10.3,贵州,12,黎平,109.1333,57839
23.8833,10.3,云南,12,临沧,100.0833,56951
37.9392,10.2,山东,12,长岛,120.7256,54751
26.6833,10,贵州,12,织金,105.7667,57805
30.1511,10,湖北,12,五峰,111.0683,57458
35.2458,9.9,山东,13,临沂,118.4236,54938
30.6694,9.9,湖北,12,天门,113.1344,57483
36.9333,9.8,山东,13,石岛,122.4833,54871
32.9833,9.8,江苏,12,盱眙,118.5167,58138
30.9031,9.8,湖北,11,孝感,113.9458,57482
27.9333,9.7,四川,12,木里,101.2667,56459
28.2667,9.7,四川,12,雷波,103.5833,56485
35.2667,9.7,山东,12,费县,117.9667,54929
36.0667,9.7,山东,12,青岛,120.3333,54857
25.7167,9.7,福建,12,九仙山,118.1,58931
31.7333,9.7,安徽,12,六安,116.5,58311
28.8167,9.7,重庆,11,酉阳,108.7667,57633
32.8333,9.7,陕西,12,宁强,106.25,57211
31.1308,9.7,湖北,12,麻城,114.9547,57399
27.035,9.6,贵州,12,黔西,106.0242,57803
25,9.6,云南,11,昆明,102.65,56778
27.1033,9.5,贵州,12,息烽,106.72,57718
26.25,9.5,贵州,12,安顺,105.9,57806
25.7131,9.5,贵州,12,盘县,104.4717,56793
33.9406,9.5,江苏,12,睢宁,117.9583,58130
30.7333,9.5,湖北,12,英山,115.6667,58402
33.3167,9.5,河南,12,西峡,111.4833,57156
25.7833,9.4,贵州,12,普安,104.9667,56792
26.5667,9.4,江西,12,井冈山,114.1667,57894
29.7,9.3,重庆,12,大足,105.7,57502
37.4833,9.2,山东,13,烟台,121.4333,54765
32.5333,9.2,安徽,12,定远,117.6667,58225
26.3167,9.2,贵州,12,都匀,107.5333,57827
24.3333,9.2,云南,12,玉溪红塔,102.55,56875
32.0333,9.2,湖北,12,房县,110.7667,57259
28.65,9.1,四川,11,越西,102.5167,56475
32.35,9.1,安徽,12,滁州,118.25,58236
26.5833,9,贵州,11,贵阳,106.7333,57816
27.75,9,云南,12,贡山,98.6667,56533
38.9083,9,辽宁,12,大连,121.64,54662
32.7919,9,江苏,12,高邮,119.4481,58241
29.5167,8.9,重庆,12,黔江,108.7667,57536
32.15,8.8,湖北,12,枣阳,112.75,57279
31.5883,8.8,湖北,12,大悟,114.1675,57395
34.8564,8.7,江苏,12,赣榆,119.1269,58040
30.2833,8.7,湖北,12,利川,108.9333,57439
27.2975,8.6,贵州,12,毕节,105.2886,57707
33.0667,8.6,陕西,12,汉中,107.0333,57127
32.84,8.6,湖北,13,郧县,110.8669,57253
38.4333,8.6,新疆,12,莎车,77.2667,51811
34.5667,8.4,甘肃,12,麦积,105.8667,57014
39.2719,8.4,辽宁,11,长海,122.5867,54579
34.8,8.4,河南,12,孟津,112.4667,57071
38.9167,8.3,新疆,12,麦盖提,77.6333,51810
35.5681,8.3,山东,11,莒县,118.8389,54936
32.85,8.3,安徽,12,蚌埠,117.3,58221
37.6167,8.2,新疆,12,皮山,78.2833,51818
25.7075,8.2,云南,11,大理,100.1767,56751
34.0833,8.1,江苏,12,沭阳,118.7833,58038
34.8,8.1,河南,12,开封,114.3,57091
34.8,8.1,河南,12,三门峡,111.2,57051
37.1808,8,河北,12,邢台,114.3589,53798
26.8667,8,贵州,11,威宁,104.2833,56691
32.5228,8,陕西,12,镇巴,107.8922,57238
32.7167,8,陕西,12,安康,109.0333,57245
32.3675,8,江苏,12,如皋,120.5675,58255
37.3667,7.9,河北,12,南宫,115.3833,54705
26.4022,7.9,云南,12,会泽,103.2486,56684
34.5667,7.9,甘肃,13,天水,105.75,57006
32.4319,7.9,湖北,12,老河口,111.7319,57265
32.4333,7.8,安徽,11,寿县,116.7833,58215
32.1333,7.8,河南,12,信阳,114.05,57297
32.85,7.7,江苏,12,东台,120.2833,58251
33.8,7.7,江苏,12,阜宁,119.85,58143
32.1667,7.7,河南,12,固始,115.6167,58208
33.1006,7.7,河南,12,南阳,112.4869,57178
37.4333,7.6,山东,13,东营,118.6667,54736
27.4378,7.6,四川,12,盐源,101.4858,56565
33.4833,7.6,江苏,12,泗洪,118.2167,58135
27.2961,7.5,湖南,11,南岳,112.6936,57776
33.7486,7.5,江苏,12,射阳,120.2997,58150
33.2667,7.4,安徽,12,蒙城,116.5167,58118
27.35,7.4,云南,12,昭通昭阳,103.7167,56586
42.95,7.3,新疆,12,吐鲁番,89.2333,51573
37.1333,7.3,新疆,11,和田,79.9333,51828
26.65,7.2,四川,11,会理,102.25,56671
29.0833,7.2,西藏,12,拉孜,87.6,55569
32.65,7.2,湖北,12,十堰,110.7833,57256
28.7167,7.1,四川,13,得荣,99.2833,56441
35.2483,6.9,山东,13,菏泽,115.4217,54906
33.6378,6.9,江苏,11,淮安,118.9269,58141
34.2575,6.9,江苏,12,灌云,119.2361,58047
37.45,6.8,山东,13,德州,116.3333,54714
26.8469,6.8,云南,11,丽江,100.2175,56651
34.3942,6.8,江苏,12,邳州,118.0189,58026
37.5833,6.7,山东,12,垦利,118.55,54744
28,6.7,四川,12,昭觉,102.85,56479
24.9844,6.7,云南,11,腾冲,98.5056,56739
37.5833,6.7,陕西,11,定边,107.5833,53725
32.3833,6.7,河南,12,桐柏,113.4167,57285
36.85,6.6,新疆,12,于田,81.65,51931
31.6192,6.6,湖北,12,随州,113.3386,57381
34.7,6.6,河南,12,郑州,113.6667,57083
36.05,6.6,河南,12,安阳,114.1333,53898
33.7833,6.6,河南,12,西华,114.5167,57193
36.775,6.5,山东,12,海阳,121.1783,54863
29.5667,6.4,江西,11,庐山,115.9833,58506
29.6667,6.4,西藏,11,林芝,94.3333,56312
41.2333,6.3,新疆,12,沙雅,82.7833,51639
37.5,6.3,山东,11,惠民,117.5333,54725
36.6019,6.3,山东,12,济南,117.0081,54823
33.05,6.3,陕西,12,石泉,108.2667,57232
33.0028,6.3,湖北,11,郧西,110.4078,57251
39.7167,6.2,新疆,12,乌恰,75.25,51705
33.6378,6.2,安徽,12,宿州,117.0825,58122
32.8667,6.2,安徽,12,阜阳,115.7333,58203
33.1697,6.2,江苏,12,大丰,120.4569,58158
37.0667,6.1,新疆,11,民丰,82.7167,51839
30,6.1,四川,12,巴塘,99.1,56247
33.7833,6.1,安徽,12,亳州,115.7333,58102
33.8667,6.1,河南,11,宝丰,113.0333,57181
30.9958,6,四川,12,小金,102.3561,56178
33.5333,6,陕西,12,商南,110.9,57154
34.2872,6,江苏,12,徐州,117.1586,58027
31.9,5.9,陕西,12,镇坪,109.5333,57343
37.6167,5.9,陕西,12,靖边,108.8,53735
35.3167,5.8,河南,12,新乡,113.9167,53986
28.6667,5.7,西藏,11,察隅,97.4667,56434
39.05,5.7,天津,12,塘沽,117.7167,54623
34.4333,5.6,陕西,12,泾河,108.9667,57131
37.6394,5.5,山东,11,龙口,120.3358,54753
36.1833,5.5,山东,12,沂源,118.1667,54836
29.2167,5.5,西藏,13,米林,94.2167,56317
36.2333,5.4,山东,11,莘县,115.6333,54808
37.9858,5.4,宁夏,12,吴忠,106.1833,53612
38.0833,5.3,河北,12,泊头,116.55,54618
32.9333,5.3,河南,12,驻马店,113.9167,57290
39.7167,5.2,新疆,12,阿图什,76.1667,51704
40.6333,5.2,新疆,11,铁干里克,87.7,51765
36.9725,5.2,宁夏,12,同心,105.8928,53810
37.4789,5.1,山东,12,福山,121.2339,54764
39.0833,5.1,天津,12,天津,117.05,54527
36.6333,5,山东,13,淄川,117.95,54824
34.4833,5,陕西,11,华山,110.0833,57046
34.35,5,陕西,13,宝鸡,107.1333,57016
36.7903,4.9,山东,12,平度,119.9919,54842
36.75,4.9,山东,12,潍坊,119.2,54843
39.4014,4.9,辽宁,13,皮口,122.3392,54575
39.6286,4.9,辽宁,12,瓦房店,122.0108,54563
34.45,4.8,安徽,12,砀山,116.3333,58015
36.9717,4.7,山东,13,莱阳,120.72,54852
38.4081,4.7,河北,12,黄骅,117.3214,54624
30.05,4.7,西藏,13,八宿,96.9167,56228
33.6333,4.7,陕西,12,留坝,106.9333,57124
36.0667,4.6,山西,12,临汾,111.5,53868
33.4333,4.6,陕西,12,镇安,109.15,57144
43.75,4.5,新疆,12,淖毛湖,94.9833,52112
36.6833,4.5,山东,12,章丘,117.55,54727
39.4292,4.5,河北,12,乐亭,118.8867,54539
31.9,4.4,四川,11,马尔康,102.2333,56172
29.0333,4.4,西藏,13,琼结,91.6833,55597
35.6833,4.4,甘肃,13,会宁,105.0667,52993
39.4858,4.3,新疆,11,喀什,75.7539,51709
36.8167,4.3,山东,13,淄博,117.9333,54830
34.0667,4.3,河南,12,许昌,113.9333,57089
37.4842,4.3,宁夏,12,中宁,105.6825,53705
35.1197,4.2,山西,12,运城,111.0667,53959
30.1333,4.2,安徽,11,黄山,118.15,58437
40.3281,4.2,辽宁,12,绥中,120.3058,54454
33.8558,4.2,河南,12,永城,116.4247,58111
35.5667,4.1,山东,12,兖州,116.85,54916
35.0833,4.1,山东,12,定陶,115.5167,54909
34.9328,4.1,陕西,12,耀县,108.9722,57037
39,4,新疆,11,塔中,83.6667,51747
34.8833,4,山西,12,永济,110.45,57052
33.8511,4,陕西,12,商县,109.9656,57143
35.65,3.9,山西,11,侯马,111.3667,53963
37.7925,3.9,宁夏,12,盐池,107.2439,53723
41.4,3.8,内蒙古,11,海力素,106.4,53231
36.0667,3.7,山西,12,长治,113.0333,53882
36.1667,3.7,山东,13,泰安,117.15,54827
35.7333,3.7,甘肃,12,西峰,107.6333,53923
33.5167,3.7,陕西,12,佛坪,107.9833,57134
40.8,3.6,,12,建昌,119.7944,54452
39.2069,3.6,宁夏,12,惠农,106.7644,53519
39.8,3.5,北京,12,北京,116.4667,54511
28.9167,3.5,西藏,12,江孜,89.6,55680
34.4,3.4,陕西,12,秦都,108.7167,57048
34.3097,3.4,陕西,12,武功,108.2375,57034
41.0903,3.4,辽宁,12,鞍山,122.9994,54339
40.2,3.3,河北,12,遵化,117.95,54429
34.9,3.3,陕西,12,陇县,106.8333,57003
27.1764,3.1,云南,12,维西,99.2853,56548
34.8911,3.1,陕西,12,蒲城,109.6258,53948
34.7,2.9,陕西,12,永寿,108.15,57030
35.4833,2.8,山西,12,阳城,112.4167,53975
40.85,2.8,内蒙古,13,杭锦后旗,107.1167,53420
36.3333,2.8,青海,11,民和,102.8333,52876
30.05,2.7,四川,11,康定,101.9667,56374
39.8333,2.7,内蒙古,12,东胜,109.9833,53543
34.5167,2.7,陕西,12,凤翔,107.3833,57025
40.0317,2.6,辽宁,12,丹东,124.3275,54497
34.4333,2.6,河南,11,商丘,115.5333,58005
35.9658,2.6,宁夏,12,西吉,105.7139,53903
39.7333,2.5,天津,12,宝坻,117.2833,54525
37.9333,2.4,山西,13,阳泉,113.6167,53782
35.7872,2.4,陕西,11,洛川,109.3608,53942
41.0086,2.4,,12,大洼,122.0564,54470
36.5733,2.4,宁夏,12,海原,105.6417,53806
35.2833,2.3,山西,12,垣曲,111.6667,53968
38.2231,2.3,河北,11,饶阳,115.7431,54606
34.4333,2.3,甘肃,11,岷县,104.0167,56093
29.2667,2.3,西藏,12,泽当,91.7667,55598
37.7833,2.2,山西,12,平定,113.6333,53687
30.9714,2.2,四川,12,道孚,101.1186,56167
38.7333,2.2,河北,12,保定,115.4833,54602
41.1167,2.1,新疆,11,阿克苏,80.3833,51628
39.65,2.1,河北,12,唐山,118.1,54534
38.35,2,河北,13,沧州,116.85,54616
36.5694,2,甘肃,12,靖远,104.6867,52895
38.2667,2,陕西,12,榆林,109.7833,53646
37.3103,1.9,山东,12,陵县,116.5217,54715
39.1686,1.9,河北,12,霸州,116.3928,54518
39.85,1.8,河北,12,秦皇岛,119.5167,54449
37.1833,1.8,甘肃,12,景泰,104.05,52797
39.7667,1.8,甘肃,11,酒泉,98.4833,52533
36.0164,1.8,青海,12,贵德,101.3694,52868
29.8667,1.7,西藏,12,波密,95.7667,56227
37.5,1.5,山西,12,离石,111.1167,53764
29,1.5,四川,12,九龙,101.5,56462
35.2,1.5,陕西,12,长武,107.8,53929
37.5253,1.5,宁夏,12,中卫,105.1775,53704
40.6244,1.5,辽宁,11,兴城,120.65,54455
38.4667,1.4,山西,12,兴县,111.1333,53664
35.5311,1.4,甘肃,12,崆峒,106.66,53915
35.0833,1.4,陕西,13,铜川,109.0667,53947
40.6656,1.4,辽宁,12,营口,122.1733,54471
39.7125,1.4,辽宁,12,庄河,122.9533,54584
38.4714,1.4,宁夏,11,银川,106.2078,53614
29.85,1.3,西藏,13,墨竹工卡,91.7333,55593
40.3833,1.2,北京,11,密云,116.8667,54416
37.0628,1,山西,12,介休,111.945,53863
42.8167,1,新疆,11,哈密,93.5167,52203
35.5444,1,青海,12,同仁,102.0325,52974
36.25,0.8,山东,11,泰山,117.1,54826
38.8081,0.8,宁夏,12,陶乐,106.6958,53615
36.0833,0.7,山西,12,吉县,110.6667,53859
42.05,0.6,新疆,11,焉耆,86.6,51567
40.4167,0.6,河北,12,怀来,115.5,54405
35.9981,0.6,宁夏,11,固原,106.2714,53817
40.4167,0.5,河北,12,青龙,118.95,54436
40.45,0.4,北京,12,延庆,115.9667,54406
46.3881,0.4,黑龙江,12,宝清,132.1653,50888
36.7,0.3,山西,12,隰县,110.95,53853
40.5,0.2,新疆,12,柯坪,79.05,51720
40.5294,0.2,内蒙古,12,包头市气象台,109.8808,53446
37.6206,0.1,山西,12,太原,112.5764,53772
38.15,0.1,新疆,11,且末,85.55,51855
34.0333,0.1,陕西,12,太白,107.3167,57028
31.15,0,西藏,11,昌都,97.1667,56137
42.2333,-0.1,新疆,12,库米什,88.2167,51526
37.4233,-0.2,山西,12,太谷,112.5933,53775
40.9667,-0.2,河北,12,承德,117.9167,54423
39.3667,-0.2,甘肃,12,高台,99.8333,52546
32.9333,-0.2,青海,12,班玛,100.75,56151
28.1892,-0.2,西藏,11,聂拉木,85.9703,55655
30,-0.3,四川,12,理塘,100.2667,56257
32.9,-0.3,四川,13,阿坝,101.7,56171
45.7725,-0.3,黑龙江,12,虎林,132.9614,50983
41.7,-0.3,内蒙古,12,达茂旗气象局,110.4333,53352
50.2481,-0.4,黑龙江,12,爱辉,127.4619,50468
40.55,-0.5,新疆,12,阿拉尔,81.2667,51730
30.9333,-0.5,四川,12,新龙,100.3167,56251
40.7694,-0.5,河北,12,张家口,114.9194,54401
35.3833,-0.5,甘肃,12,华家岭,105.0167,52996
41.9592,-0.5,辽宁,11,新民,122.8531,54333
32.8,-0.6,四川,11,红原,102.55,56173
38.7333,-0.6,山西,12,原平,112.7167,53673
31.8,-0.6,四川,12,德格,98.5833,56144
41.3067,-0.6,辽宁,12,本溪,123.7753,54346
40.1767,-0.7,辽宁,12,熊岳,122.1497,54476
36.5,-0.8,山西,12,襄垣,113.0333,53884
33.5833,-0.8,四川,12,若尔盖,102.9667,56079
31.6167,-0.8,四川,11,甘孜,100,56146
46.7833,-0.8,黑龙江,11,佳木斯,130.3,50873
43.6,-0.8,内蒙古,12,通辽,122.2667,54135
37.9333,-0.8,陕西,12,横山,109.2333,53740
32.6667,-0.9,四川,12,松潘,103.6,56182
47.2286,-0.9,黑龙江,12,富锦,131.9989,50788
43.6,-0.9,内蒙古,11,开鲁,121.2833,54134
38.6333,-0.9,甘肃,11,民勤,103.0833,52681
42.5269,-0.9,辽宁,12,开原,124.0461,54254
47.3383,-0.9,黑龙江,13,鹤岗,130.1958,50775
39.3667,-1,山西,12,河曲,111.2167,53564
35.5833,-1,甘肃,12,临夏,103.1833,52984
42.3842,-1,辽宁,12,彰武,122.5492,54236
41.5478,-1,辽宁,11,朝阳,120.4292,54324
49.4169,-1,黑龙江,11,孙吴,127.3314,50564
29.5214,-1.1,四川,11,峨眉山,103.3356,56385
40.7253,-1.1,内蒙古,12,临河,107.3733,53513
41.55,-1.1,内蒙古,12,四子王,111.65,53362
37.5,-1.1,陕西,11,绥德,110.2167,53754
36.5667,-1.1,甘肃,12,环县,107.3,53821
35.2439,-1.2,青海,13,同德,100.5972,52957
46.3,-1.2,黑龙江,12,依兰,129.5833,50877
39.8333,-1.2,河北,12,蔚县,114.5667,53593
45.2167,-1.2,黑龙江,11,尚志,127.9667,50968
39.56,-1.3,内蒙古,13,伊金霍洛旗,109.7083,53545
40.8558,-1.3,内蒙古,12,呼和浩特,111.5714,53463
39.0833,-1.3,甘肃,11,张掖,100.2833,52652
28.4883,-1.3,云南,12,德钦,98.9056,56444
35.8667,-1.3,甘肃,11,榆中,104.15,52983
34,-1.4,甘肃,12,玛曲,102.0833,56074
36.5833,-1.4,陕西,12,延长,110.0667,53854
41.41,-1.4,辽宁,12,建平县,119.6203,54326
41.5333,-1.5,新疆,11,红柳河,94.6667,52313
45.7528,-1.6,黑龙江,12,勃利,130.6058,50973
42.5333,-1.6,内蒙古,12,满都拉气象站,110.1333,53149
36.1667,-1.7,山西,12,安泽,112.25,53877
41.7333,-1.7,新疆,12,库尔勒,85.8167,51656
37.0667,-1.7,山西,11,榆社,112.9833,53787
47.4453,-1.7,黑龙江,11,海伦,126.8747,50756
46.6167,-1.7,黑龙江,12,北林,126.9667,50853
47.7081,-1.7,黑龙江,12,伊春,128.8358,50774
45.9667,-1.7,黑龙江,12,通河,128.7333,50963
30.75,-1.7,西藏,12,洛隆,95.8333,56223
36.35,-1.7,甘肃,11,皋兰,103.95,52884
41.7325,-1.7,辽宁,12,沈阳,123.51,54342
42.7847,-1.7,,11,昌图,124.0933,54243
33.4333,-1.7,青海,11,久治,101.4833,56067
30.2833,-1.8,西藏,11,普兰,81.25,55437
45,-1.8,吉林,12,乾安,124.0167,50948
44.25,-1.8,吉林,12,长岭,123.9667,54049
43.7,-1.8,吉林,12,蛟河,127.3333,54181
38.8233,-1.9,陕西,12,神木,110.4669,53651
41.15,-2,吉林,12,集安,126.2167,54377
42.8744,-2.1,吉林,12,延吉,129.5042,54292
36.2667,-2.1,青海,12,共和,100.6167,52856
48.2628,-2.2,黑龙江,12,北安,126.5072,50656
28.6333,-2.2,西藏,12,定日,87.0833,55664
35.3667,-2.2,甘肃,12,临洮,103.8667,52986
43.705,-2.2,吉林,13,罗子沟,130.2733,54192
40.4333,-2.2,山西,12,天镇,114.0667,53490
38.9333,-2.3,山西,12,五台山,113.5167,53588
45.3053,-2.3,黑龙江,12,鸡西,130.9089,50978
37.8858,-2.4,甘肃,12,武威,102.8739,52679
43.8667,-2.5,吉林,13,吉林城郊,126.5333,54172
40.72,-2.5,辽宁,11,宽甸,124.78,54493
34.4833,-2.5,青海,12,玛沁,100.2333,56043
41.5667,-2.5,内蒙古,11,乌拉特中旗,108.5167,53336
39.45,-2.6,山西,12,灵丘,114.2167,53594
47.1511,-2.6,黑龙江,12,明水,125.8933,50758
36.9167,-2.6,陕西,12,吴旗,108.1667,53738
44.5039,-2.6,黑龙江,12,牡丹江,129.6683,54094
29.05,-2.7,四川,11,稻城,100.3,56357
41.9,-2.7,内蒙古,12,化德,114,53391
45.6333,-2.7,吉林,11,白城,122.8333,50936
40.3381,-2.7,辽宁,12,岫岩,123.2767,54486
35.6633,-2.7,宁夏,11,六盘山,106.2,53910
43.6303,-2.7,内蒙古,11,二连浩特,111.9369,53068
38.2178,-2.8,甘肃,12,永昌,101.9319,52674
43.1217,-2.8,吉林,12,四平,124.3858,54157
42.3075,-2.9,内蒙古,11,赤峰,118.8344,54218
39.3667,-3,山西,12,朔州,112.4333,53578
27.85,-3,云南,12,香格里拉,99.75,56543
40.8719,-3.1,辽宁,13,草河口,123.9017,54483
41.9264,-3.1,辽宁,12,抚顺,124.0686,54351
41.2,-3.2,河北,11,丰宁,116.6333,54308
29.6833,-3.2,西藏,13,南木林,89.1,55572
29.6667,-3.3,西藏,12,左贡,97.8333,56331
41.6833,-3.4,吉林,12,通化,125.9,54363
35,-3.5,甘肃,11,合作,102.9,56080
41.8,-3.5,甘肃,11,马鬃山,97.0333,52323
37.2,-3.5,甘肃,11,乌鞘岭,102.8667,52787
43.2667,-3.6,新疆,12,伊吾,94.7,52118
46.9833,-3.6,黑龙江,12,铁力,127.9833,50862
32.5,-3.6,西藏,11,狮泉河,80.0833,55228
32.2,-3.6,青海,11,囊谦,96.4667,56125
36.7333,-3.7,青海,12,西宁,101.75,52866
41.9667,-3.8,河北,12,围场,117.7667,54311
43.5,-3.8,吉林,12,双辽,123.5333,54142
48.0842,-3.8,黑龙江,12,克山,125.7878,50658
43.3667,-3.9,吉林,11,敦化,128.2,54186
35.5833,-3.9,青海,12,贵南,100.7333,52955
44.8,-4,吉林,12,通榆,123.0667,54041
36.4167,-4.1,青海,11,格尔木,94.9167,52818
42.3333,-4.2,内蒙古,12,宝国吐,120.7,54226
38.9333,-4.3,山西,11,五寨,111.8167,53663
41.0333,-4.3,内蒙古,12,集宁,113.0667,53480
44.5667,-4.3,内蒙古,12,扎鲁特,120.9,54026
31.2167,-4.3,西藏,13,类乌齐,96.6,56128
43.6,-4.5,新疆,12,巴里坤,93.05,52101
47.3761,-4.5,黑龙江,12,齐齐哈尔,123.9236,50745
45.9347,-4.6,黑龙江,12,哈尔滨,126.5739,50953
44.0167,-4.6,内蒙古,12,阿巴嘎旗,115,53192
39.0883,-4.6,内蒙古,12,鄂托克旗,107.9625,53529
31.4167,-4.6,西藏,12,丁青,95.6,56116
48.2167,-4.7,内蒙古,12,新巴尔虎左旗,118.2667,50618
36.4333,-4.7,青海,11,诺木洪,96.4333,52825
42.0667,-4.8,辽宁,12,清原,124.8667,54259
43.3,-4.9,吉林,12,汪清,129.7833,54195
41.8,-4.9,吉林,12,临江,126.8833,54374
33.75,-5,青海,11,达日,99.65,56046
31.4833,-5,西藏,11,那曲,92.0667,55299
40.0833,-5.1,山西,12,大同,113.4167,53487
45.7031,-5.1,黑龙江,11,肇州,125.2503,50950
44.3925,-5.2,黑龙江,12,绥芬河,131.1758,54096
41.15,-5.2,河北,11,张北,114.7,53399
30.4833,-5.2,西藏,12,当雄,91.1,55493
47.7928,-5.2,黑龙江,11,富裕,124.4772,50742
44.6167,-5.3,内蒙古,12,那仁宝力格,114.15,53083
47.3003,-5.5,黑龙江,12,龙江,123.2442,50739
43.3,-5.5,吉林,13,烟筒山,126.0167,54169
43.95,-5.6,内蒙古,11,锡林浩特,116.1167,54102
41.7225,-5.6,,12,新宾,125.0364,54353
42.1936,-5.7,内蒙古,11,多伦县,116.4658,54208
42.15,-5.8,吉林,11,东岗,127.5,54284
42.9597,-5.9,吉林,12,磐石,126.0781,54263
36.3,-5.9,青海,12,都兰,98.1,52836
42.9333,-6,内蒙古,12,翁牛特旗,119.0167,54213
45.0833,-6,吉林,12,前郭,124.8667,50949
44.9667,-6,吉林,12,扶余,126,54063
42.5333,-6,吉林,12,梅河口,125.6333,54266
43.55,-6,吉林,12,双阳,125.6333,54165
43.7,-6,吉林,12,永吉,126.5167,54171
35.5833,-6,青海,11,兴海,99.9833,52943
43.9,-6.2,吉林,11,长春,125.2167,54161
36.8,-6.4,青海,12,小灶火,93.6833,52707
43.9833,-6.5,内蒙古,11,巴林左旗,119.4,54027
43.6339,-6.5,内蒙古,12,林西县,118.0283,54115
42.9833,-6.5,吉林,12,桦甸,126.75,54273
34.7333,-6.5,青海,12,河南,101.6,56065
45.5061,-6.7,吉林,12,大安,124.2389,50945
32.2833,-6.8,四川,12,色达,100.3333,56152
46.3833,-6.8,黑龙江,12,安达,125.3167,50854
41.4167,-6.8,吉林,12,长白,128.1833,54386
42.5333,-6.8,吉林,12,和龙,129,54286
42.9167,-7.3,吉林,12,辽源,125.0833,54260
38.75,-7.4,青海,11,冷湖,93.3333,52602
44.3833,-7.5,吉林,12,农安,125.15,54064
35.0333,-7.5,青海,13,泽库,101.4667,52968
45.5167,-7.6,内蒙古,12,东乌珠穆沁,116.9667,50915
44.5667,-7.9,内蒙古,12,西乌珠穆沁,117.6333,54012
49.25,-7.9,内蒙古,11,海拉尔,119.7,50527
43.35,-8.1,新疆,12,达坂城,88.3167,51477
42.4,-8.2,吉林,12,靖宇,126.8,54276
44.1667,-8.2,新疆,12,呼图壁,86.85,51367
40,-8.3,山西,12,右玉,112.4667,53478
32.8833,-8.4,青海,11,杂多,95.2833,56018
32.9833,-8.6,四川,12,石渠,98.1,56038
33.0014,-8.7,青海,12,玉树,96.9642,56029
45.6258,-8.9,新疆,12,克拉玛依,84.8592,51243
46.4,-8.9,黑龙江,12,泰来,123.4536,50844
46.6,-9,内蒙古,11,索伦,121.2167,50834
44.5667,-9.1,新疆,12,精河,82.8167,51334
33.85,-9.1,青海,13,治多,95.6167,56016
49.1561,-9.2,黑龙江,12,嫩江,125.2278,50557
44.9,-9.4,新疆,12,博乐,82.0667,51238
47.1667,-10,内蒙古,12,阿尔山,119.9333,50727
48,-10,内蒙古,12,扎兰屯,122.7333,50639
32.15,-10.2,西藏,11,改则,84.4167,55248
48.6783,-10.6,内蒙古,12,新巴尔虎右旗,116.8103,50603
45.1833,-10.8,新疆,12,阿拉山口,82.55,51232
49.2,-11,内蒙古,12,小二沟,123.7167,50548
42.4044,-11.2,吉林,12,二道,128.1247,54285
33.8,-11.4,青海,12,清水河,97.1333,56034
51.7261,-11.5,黑龙江,12,呼玛,126.6389,50353
34.1258,-11.7,青海,12,曲麻莱,95.8092,56021
50.25,-11.8,内蒙古,12,额尔古纳市,120.1833,50425
43.45,-11.9,新疆,12,乌鲁木齐牧试站,87.1833,51469
35.2167,-12.3,青海,12,五道梁,93.0833,52908
50.4064,-12.6,黑龙江,11,加格达奇,124.1194,50442
34.9167,-12.6,青海,11,玛多,98.2167,56033
47.1167,-13.1,新疆,12,福海,87.4833,51068
43.8833,-13.3,新疆,11,天池,88.1167,51470
43.0333,-13.9,新疆,12,巴音布鲁克,84.15,51542
34.2167,-14.2,青海,11,托托河,92.4333,56004
49.5758,-15.3,内蒙古,11,满洲里,117.3214,50514
50.4833,-15.8,内蒙古,11,图里河,121.6833,50434
47.7,-15.9,新疆,12,布尔津,86.8667,51060
46.8167,-17.3,新疆,11,和布克赛尔,85.75,51156
52.3481,-17.4,黑龙江,12,塔河,124.7183,50246
45.9333,-17.9,新疆,12,托里,83.6,51241
52.9744,-17.9,黑龙江,11,漠河,122.5108,50136
51.665,-18,黑龙江,12,新林,124.3917,50349
47.0167,-18.5,新疆,12,富蕴,89.5,51087
52.0361,-18.9,黑龙江,12,呼中,123.5722,50247
48.05,-19.6,新疆,12,哈巴河,86.4,51053
47.7333,-20.4,新疆,11,阿勒泰,88.0833,51076
46.7333,-20.9,新疆,11,塔城,83,51133
