lng1,lat1,lng2,lat2
145.391881,-6.081689,142.825,-10.2083
145.7887,-5.207083,142.667,-25.4131
144.295861,-5.826789,137.514,-33.0589
146.726242,-6.569828,120.221,-26.6292
147.22005,-9.443383,150.789,-34.5611
143.669186,-3.583828,143.086,-22.3636
-45.425978,61.160517,145.731,-40.9989
-51.678064,64.190922,143.411,-9.75703
-50.689325,67.016969,142.776,-9.90111
-68.703161,76.531203,116.387778,39.7825
-18.072703,65.659994,118.908,42.235
-14.401389,65.283333,113.126,36.2475
-15.227222,64.295556,113.482,40.0603
-17.425978,65.952328,111.824103,40.851422
-23.135278,66.058056,109.997,40.56
-22.605556,63.985,114.6973,38.280686
-23.965,65.555833,122.2,43.5567
-21.940556,64.13,122.017,46.083
-18.916667,66.133333,115.964,43.9156
-20.278875,63.424303,109.294,21.5394
-84.509445,46.485001,111.64,28.9189
-97.0325,50.056389,110.443,29.1028
-63.499444,44.639721,116.133,24.35
-56.083056,51.391944,113.376,22.0064
-125.7725,49.082222,109.391,24.2075
-89.808056,68.534444,110.358,21.2144
-68.204444,49.1325,109.485,30.3203
-70.996391,48.330555,112.615,32.9808
-96.077778,64.298889,112.291,32.1506
-125.270833,49.950832,111.441,30.671
-99.951944,49.91,108.931,32.7081
-105.138333,69.108055,98.867,34.633
-123.870167,49.052333,107.008,33.0636
-117.6325,49.296389,107.603,35.7997
-65.449167,47.007778,102.043,36.5275
-66.330278,47.990833,109.554,36.6369
-115.143889,67.816667,109.731,38.2692
-111.445278,52.075001,102.802,46.2503
-121.93889,49.152779,96.2211,46.3764
-68.516667,70.486111,100.704,46.1633
-83.359444,64.193333,104.43,43.5917
-139.127778,64.043056,91.6282,47.9541
-139.040556,61.371111,100.099,49.6633
-120.511389,49.468056,99.6772,27.7936
-57.391388,49.210833,98.5317,24.4011
-130.032222,58.422222,100.959,22.7933
-100.0525,51.100834,103.755,27.3256
-120.183,55.742333,114.912,25.8258
-113.579722,53.309723,117.176,29.3386
-94.070833,61.094166,115.983,29.733
-102.965833,49.210278,118.899,28.9658
-116.465,53.578888,119.25,34.55
-85.814167,79.994722,121.429,28.5622
-133.482778,68.304167,118.412,35.0461
-68.555832,63.75639,118.59,24.7964
-66.537222,45.868889,118.256,29.7333
-69.097222,48.746111,119.119,36.6467
-101.681667,54.678055,122.229,37.1871
-113.689722,61.180832,120.429,31.4944
-121.236525,61.760153,118.001,27.7019
-76.596944,44.225277,120.852,27.9122
-77.704167,53.625278,120.125,33.3856
-64.478611,48.775278,120.032,29.3447
-86.939445,49.778332,122.362,29.9342
-61.778056,47.424721,97.1083,30.5536
-102.31139,52.816666,107.5,31.3
-92.744167,49.831667,105.702,32.3911
-117.806111,70.762778,105.393,28.8522
-95.849722,68.635556,104.741,31.4281
-79.935,43.173611,106.062,30.754
-73.416944,45.5175,94.3353,29.3033
-115.782778,60.839722,108.406,30.8361
-63.50861,44.880833,80.2917,41.2625
-91.638611,48.773888,85.5328,38.1494
-77.966667,72.683334,82.9869,41.7181
-73.281111,45.294445,86.1289,41.6978
-58.549999,48.544167,84.883,45.617
-120.444444,50.702222,81.3303,43.9558
-80.378611,43.460833,127.3,50.25
-66.805278,54.805278,130.465389,46.843394
-109.180833,51.5175,121.062,41.1014
-79.37,43.862221,123.918131,47.239628
-83.346667,47.82,129.451258,42.8828
-108.522778,54.125278,14.508417,35.888863
-110.0725,53.309166,14.298333,36.026389
-62.280556,82.517778,120.554722,-27.286389
-119.377778,49.956112,-66.67,11.95
-135.868333,63.616389,-9.65361,53.1067
-105.559167,50.330278,-9.46778,53.2303
-111.221944,56.653333,13.325278,54.383333
-80.607778,51.291111,65.0487,63.9241
-75.990556,46.272778,14.63775,53.471138
-74.005278,45.681944,-71.8757,42.2673
-61.789167,50.19,117.0502,30.5822
-75.563589,45.521694,114.7375,26.8997
-77.802778,49.761667,119.731,39.9681
-139.839167,67.570556,110.993,35.018
-110.279444,54.404999,103.617,36.117
-117.164722,58.621389,98.3414,39.8569
-75.669167,45.3225,124.2866,40.0255
-105.672778,53.214167,110.033,39.85
-117.447222,56.226944,101.799,26.54
-98.273889,49.903056,-36.30288,-54.16534
-122.71,49.21611,-58,-68
-90.214167,51.446388,-62.83,-63.37
-64.288611,49.836389,-73.782008,40.913923
-78.363333,44.23,-93.2101944,45.1448889
-130.444722,54.28611,-72.925992,41.298669
-111.117222,58.767223,-87.6388507,41.8791966
-79.303333,44.974722,95.0169,27.4839
-71.393333,46.791111,50.9166,24.8333
-113.894444,52.182222,-122.764814,47.490244
-82.955556,42.275556,-95.202805,43.165527
-128.8225,60.116389,-92.1561,38.5912
-94.363056,49.788334,-113.4859,35.5925
-112.799722,49.630278,-114.514,35.5651
-64.678611,46.112221,10.100903,48.011736
-124.886667,49.710833,-87.805346,42.074197
-104.665833,50.431944,-76.615552,39.307408
-89.323889,48.371944,-38.4572,72.579187
-118.885,55.179722,-0.85385,60.7472
-102.461667,51.264721,115.931239,-6.956608
-108.24361,52.769167,-70.22139,42.071945
-54.568056,48.936944,-122.339,47.629
-60.047779,46.161388,114.3833,4.6333
-122.510278,53.026112,45.017761,43.323815
-94.969444,74.716944,-62.8324,17.9023
-69.584722,47.764444,-38.5432,-13.2314
-72.265556,48.52,-38.909122,-13.386571
-114.904167,52.429722,-88.298,17.5344
-92.115833,62.81139,41.01,57.47
-80.798889,46.625,41.12,42.87
-71.691389,45.438611,41.48,52.81
-65.890278,45.316111,-5.4,56.464
-111.961944,60.020278,3.609654755,73.01910987
-84.613611,72.982222,73.01910987,3.609654755
-63.833611,46.440556,73.802,3.484
-125.2425,71.993889,3.801,73.801
-76.526667,64.23,3.222,73.9
-97.864166,55.801111,0,0
-77.528056,44.118889,73.8,3.8
-81.376667,48.569721,45.3314,58.2321
-79.396167,43.627499,138.189444,34.796111
-133.026389,69.433334,-52.2683,-27.6619
-73.740833,45.470556,6.258611,46.413056
-86.224722,66.521389,6.63472,45.3967
-81.243611,68.776111,-117.584722,33.521925
-78.835556,48.206111,-80.709136,35.387775
-105.261944,55.15139,-1.317803,50.677776
-110.82389,53.355833,-5.116667,56.816666
-64.031389,67.545833,65.1708,40.1172
-77.782778,48.053333,2.333333,48.86667
-68.426944,58.096111,-1.186023,44.81111
-126.798219,65.281617,-5.166667,36.75
-123.184444,49.193889,12.7458,52.6617
-108.4175,55.841944,22.3668,-18.9538
-81.107222,44.745834,114.7419,5.21
-77.319168,45.952221,5.32449,36.1781
-97.239886,49.910036,-1.19528,46.1792
-66.864444,52.921944,-114.296194,43.504444
-122.054167,52.183056,6.7,46.86667
-123.436667,63.209444,-1.083333,50.8
-115.781944,49.612222,19.020193,49.84997
-113.520556,53.5725,-93.4067,43.2247
-106.699722,52.170834,-67.046881,-20.330706
-110.720833,50.01889,-67.62538,-20.240932
-120.740278,56.238056,-65.768781,-18.133114
-91.905278,50.113889,168.6762,-44.8898
-65.713611,66.145,168.7068,-44.9486
-79.848889,47.695,168.7068,-44.9486
-122.678889,53.889444,168.6762,-44.8898
-128.576219,54.468508,36.927775,-1.319242
-81.151111,43.033056,7.1837,51.025
-122.360556,49.025278,14.008,47.478
-135.067269,60.709553,16.259,47.965
-79.422778,46.363611,-62.534499,6.290501
-114.020278,51.113888,9.704167,53.646667
-127.182778,54.824722,11.2027,52.8333
-122.596944,58.836389,10.7833,51.4888
-119.602222,49.463056,13.6667,52.2361
-63.121111,46.290001,116.533,35.417
-93.576667,69.546667,122.427,52.915
-123.425833,48.646944,125,46.583333
-101.07611,56.863888,-121.626,37.8284
-107.690556,50.291944,40.15736945,57.56066668
-94.065,58.739167,103.575,52.91500001
-60.425833,53.319168,49.10099,55.86067
-52.751945,47.61861,137.08167,50.605
-82.4675,49.413889,135.179,48.528
-88.909721,50.290279,104.183,52.3678
-68.208056,48.608612,38.154,55.589
-79.630556,43.677223,38.083,44.55
-79.465556,43.7425,38.513,47.117
-82.567778,45.885277,6.86472,46.9575
-114.440278,62.462778,8.87861,46.1608
-114.777222,55.293056,8.7575,47.3764
-131.813833,53.254333,6.61667,46.5453
-82.308889,42.999444,8.07806,47.2267
-127.366667,50.680556,-152.805192,-22.637253
-115.786667,54.14389,102.4666667,58.116667
-66.265556,50.223333,105.7167,56.85
-132.742778,60.172779,135.054722,44.270556
-64.916944,44.984444,108.05,57.7667
-133.375833,62.2075,-84.3866186,40.5553253
-134.860556,67.4075,-11.3,15.98166667
2.814167,36.503613,159.8,-11.302
4.206389,35.3325,157.143,-8.12639
5.069922,36.711997,-66.675556,18.451111
3.215408,36.691014,-120.206,47.398
9.452444,24.292767,144.33,-36.7394
2.876111,36.545834,-44.2258,-21.0864
0.285647,26.710103,116.015,-31.66778
8.622653,26.723536,7.91389,53.7828
2.878714,35.525414,7.82028,53.7067
5.451075,22.811461,-88.551336,44.024983
5.873608,36.795136,23.53,52.06
-0.242353,33.535853,25.42,49.31
0.626272,35.752239,31.09,51.24
7.809167,36.822225,25.4833,50.6833
6.620386,36.276028,-86.4285,42.1285833
8.120717,35.431611,-88.2370556,43.0410278
3.311542,32.930431,-5.166667,36.73333
1.463147,35.341136,-7.814369,52.67888
-0.805389,35.735389,-8.624,52.659
-8.167103,27.700372,150.537,-34.9489
1.331775,36.212658,144.746,-37.8636
-0.532278,35.542444,132.378,-14.5211
-1.45,35.016667,152.712,-27.64
-0.621183,35.623858,7.2,62.1
-0.593275,35.171775,12.7883,47.2933
0.147142,35.207725,-88.3751111,42.4028889
-0.186414,27.837589,-81.3902778,25.8488611
5.738231,34.793289,114.646,48.1357
2.859586,30.571294,152.514,-31.8886
3.794114,32.384106,149.133,-33.3817
6.140444,31.672972,153.03,-29.7594
2.512017,27.251022,121.825583,13.360967
6.088672,33.067803,48.5525,34.869167
2.928344,33.764383,-58.6583,51.2117
0.276033,29.237119,-65.4227,18.1158
5.412778,31.917223,94.051094,23.188811
9.642911,28.05155,-61.5806,15.8644
2.384353,6.357228,29.562569,40.255208
-1.512417,12.353194,27.919094,41.13825
-4.330969,11.160056,35.0664,42.0158
-0.166786,5.605186,41.661236,38.747769
-0.863214,9.557192,26.426777,40.137722
-2.507694,10.082664,30.519378,39.809858
-2.328756,7.361828,24.1767,-17.6344
-1.774756,4.896056,14.6453,-22.9799
-3.926294,5.261386,-55.094278,-34.855139
-5.073667,7.7388,74.3639,32.5356
-6.473189,6.792808,-65.4603,48.0711
-5.556664,9.387183,-84.5436,15.7631
-7.587364,7.272069,37.5342,0.530583
-6.660817,4.746717,120.435,41.5381
-5.365581,6.903167,167.691,-15.412
7.263172,9.006792,111.202,2.17784
5.301008,7.246739,114.783,3.3
5.599503,6.316981,22.4672,13.4817
8.347197,4.976019,-160.397,59.0528
7.561961,6.474272,-158.633,56.9591
6.696111,12.171667,-162.266,55.1163
3.978333,7.362458,-157.328,59.4499
4.493919,8.440211,-155.902,59.324
8.86905,9.639828,77.067967,31.081803
7.320114,10.696025,77.3167,19.1833
8.524622,12.047589,76.2634,32.1651
13.08095,11.855347,50.8422,32.2972
8.613939,7.703883,157.876,-8.57889
3.321156,6.577369,-3.620764,42.357628
6.462256,9.652172,-5.655556,42.589
6.949594,5.015494,-162.766,66.0696
5.207189,12.916322,64.2332,41.6139
12.430422,9.257553,40.6317,37.2233
7.685806,11.130192,83.3408,46.6725
7.126753,13.502531,-76.517,-8.183
2.183614,13.481547,-76.8675,0.093056
5.265358,14.875658,47.8815,39.603606
8.000114,16.965997,46.404842,33.586606
12.86865,18.968703,54.401339,36.909381
12.626686,13.372894,46.127903,37.348017
8.983761,13.778997,122.085,12.311
10.754722,35.758056,111.248,23.4567
10.227217,36.851033,93.6692,42.8414
9.791453,37.245447,-160.523,55.315
10.382108,32.306156,83.449708,26.739708
8.822503,34.422022,-72.41,-0.58
10.103333,33.876919,-77.7295,39.7079
9.943147,36.721339,-126.596,52.3875
10.775461,33.875031,23.0689,67.2456
9.254619,31.704281,-166.859,65.2537
10.690972,34.717953,-41.9822,-18.8952
8.110556,33.939722,33.5883,67.4633
1.09125,9.767333,121.753036,16.929861
1.254511,6.165611,-85.0138,9.73852
4.460278,51.189444,-84.6345,10.478
4.768333,50.75861,7.20603,5.42706
5.47,51.168333,-145.579,68.1147
4.484444,50.901389,-69.9558,58.6678
5.223889,49.891667,-77.2869,60.0506
4.453817,50.459197,124.565322,11.057997
3.831,50.575833,-162.975,67.5661
2.652778,51.090278,-170.493,63.6864
4.645833,50.243333,-166.089,66.2496
3.204722,50.817222,-155.47,64.7272
5.443222,50.637417,-166.799,68.3488
2.862222,51.198889,-166.271,60.3714
5.590556,50.9475,-164.563,67.7362
5.201667,50.791944,-163.302,62.0605
5.404167,50.035833,-158.741,64.3191
3.474361,51.144133,-166.147,61.5239
4.960194,51.394783,-171.733,63.7668
4.753333,51.264722,-157.436,70.4673
14.519747,51.193531,-160.191,62.6467
12.506361,50.981817,-151.743,68.1336
12.184033,51.831828,88.116667,47.866667
14.585667,52.197333,18.724783,44.458656
-86.8138056,39.6335556,-97.441528,32.769167
13.554973,51.308111,96.201028,19.6235
11.940833,51.363,94.130278,21.406667
12.052667,51.552,-8.575833,70.961111
13.356,51.2935,98.767,11.267
12.753139,53.306417,113.219633,28.189158
13.915683,52.579978,117.329444,49.566667
13.158408,52.203258,106.799444,39.794444
12.699705,54.33754,-87.4128,41.6163
11.714519,50.915161,-94.138078,46.398308
12.425333,52.918833,-80.399444,37.858333
11.626467,52.073658,-77.385278,35.635278
14.95,51.363167,-164.285556,60.149167
13.669131,53.8327,-119.207222,34.200833
14.531986,51.889475,-93.200556,36.531994
14.129,51.29625,109.31,27.884
13.5225,52.380001,114.737222,26.8575
13.767161,51.132767,-76.615556,39.307222
10.958106,50.979811,-73.9935,40.7505
8.543125,50.026421,-146.368406,-16.119037
7.684831,52.134642,-73.92886667,42.85245555
9.988228,53.630389,52.06,55.34
13.403944,52.473025,47.0114,58.8535
7.142744,50.865917,-38.45918503,72.57958419
6.766775,51.289453,5.45,5.31
11.786086,48.353783,5.708611,51.656389
11.066897,49.4987,126.014017,9.859097
12.241633,51.432447,7.49778,53.7425
7.109508,49.214553,147.083,-8.55
9.221964,48.689878,148.25,-9.2
13.287711,52.559686,147.2,-8.583
9.685078,52.461056,146.983,-8.35
8.786667,53.0475,149.15,-9.333
8.6415,49.960833,147.25,-8.533
7.263892,49.948672,142.75,-8.014
8.514264,49.472706,141.633,-5.117
8.680839,51.034878,7.29,47.089167
8.3684,49.606511,30.9138,-25.5
8.148336,49.968931,32.1333,49.416666
10.472711,50.992797,19.193142,58.392393
8.082969,50.707658,19.0812,57.9521
9.837025,53.535886,-81.339722,29.959167
10.145167,54.3795,31.9198,47.0579
10.719222,53.805367,86.06144,27.394005
6.528083,50.405888,-122.81288,38.508978
7.601944,51.099445,-81.437083,28.289806
7.899333,51.483333,-82.576944,30.181944
6.937333,51.402333,-81.283889,29.066944
8.544833,51.964833,-81.685923,29.903021
6.504494,51.230356,-76.385733,-8.337041
8.616317,51.614089,-111.852,41.791
6.840667,51.995844,-112.062,41.552
7.612242,51.518314,-112.289,42.17
10.931764,48.425158,-106.869,39.2232
9.762833,48.111,-80.752,32.216
12.723667,48.396167,48.2267,54.268299
10.524333,48.108833,71.5,37.5
11.283067,48.081364,31.4446,-24.9415
12.518186,48.90095,-75.182,39.9557
13.195667,48.635167,-98.9565,31.7936111
10.014572,47.859117,-96.5144594,31.6411783
9.511486,47.671317,-99.0854722,29.9766667
11.783436,53.426997,8.23361,47.4436
11.818333,52.627778,-75.358889,38.689194
10.264667,48.777833,-130.283,54.3333
11.638569,49.984428,-98.859167,38.344167
11.133167,49.793833,-99.2732,38.8422
11.854919,50.288836,-90.652044,38.662119
10.5295,50.018,-91.830833,47.824444
7.528667,50.3255,-93.509722,47.211111
6.788167,49.8635,-96.185,48.065556
8.451195,49.302776,-89.268283,45.932333
7.400647,49.209525,-89.730833,45.927778
8.522223,47.973331,-93.566389,41.691389
7.832583,48.022653,-97.018333,52.358889
9.372833,48.053833,-97.290376,27.692701
9.783956,49.118317,-130.433333,54.566667
13.738,51.6075,-118.415833,33.405
10.556111,52.319167,-118.151856,35.059364
9.377631,51.408394,7.87908,46.6766
9.945667,52.179833,-122.259,47.7548
8.572878,53.507081,-88.4119,18.3822
7.227408,53.391186,-9.5109,53.0647
7.442344,53.271592,7.9425,46.610833
8.053333,53.504833,7.482,46.963
6.709167,53.5955,77.65,60.716667
7.230247,53.706822,-7.8855556,52.5158333
9.378214,54.771772,-97.8606,38.0655
9.600803,54.220928,69.1554,34.5646
8.340472,54.91325,47.345,24.0346
24.208467,59.260286,-106.9159347,39.6427611
22.830733,58.990756,-87.7488327,41.7198243
22.509494,58.229883,-87.6587534,41.94895807
24.472819,58.419044,38.01666667,44.56666667
24.832844,59.413317,-94.909706,39.771944
26.690428,58.307461,-72.6815,41.76888
23.424322,68.362586,-73.541493,41.046937
22.201389,61.116112,-74.164167,40.734722
24.7866,61.85605,17.5008,47.3636
25.042828,60.254558,8.644722,53.768612
24.963333,60.317222,-90.253433,43.938956
23.073744,61.689656,-80.635,32.41083
23.083583,59.848864,35.41833,37.00028
24.881111,60.654444,-106.933056,38.533889
23.6525,60.462502,109.12,34.3767
28.903711,61.249172,-118.339611,33.803392
30.073611,62.166111,-86.246944,44.2725
27.405328,68.607269,-157.922427,21.318681
29.60755,62.662906,-81.990556,26.919722
25.678253,62.399453,-112.1333333,35.96666666
23.051442,63.127078,-68.312778,47.285556
24.5991,65.781889,-79.258056,42.153333
27.692414,64.285472,-74.78,46.409444
22.393055,62.462502,-84.615556,37.053611
23.143131,63.721172,-78.896389,38.263889
27.156786,66.712883,-98.908611,48.114444
29.239381,65.987575,-102.801944,46.7975
24.84685,67.701022,-104.1925,47.706944
27.797756,63.00715,-103.095556,42.8375
25.693508,61.144158,-102.803889,42.053333
28.144397,61.044553,-100.592222,40.206389
19.898156,60.122203,-81.051389,24.726111
23.518889,62.946667,-104.807222,47.138611
27.201794,61.6866,-105.575,48.094444
24.296389,60.333889,-111.1175,44.688333
25.354564,64.930061,-105.866667,37.435
22.193356,61.245558,-109.754722,38.755
21.799983,61.461686,-114.841944,39.299722
26.946944,65.402222,-109.51,40.440833
25.926306,63.731917,-105.534751,33.46285
24.695833,64.688056,-110.005556,34.265556
28.356494,62.065481,-116.101389,44.889722
25.830411,66.564822,-113.881389,45.123889
24.107778,60.744722,-118.837772,37.624049
28.945136,61.943064,-123.024444,48.521944
26.798861,61.062389,-122.910556,48.708056
26.619133,67.395033,-122.6625,48.498889
23.604392,61.414147,-123.878694,46.157972
24.027006,61.77335,-124.057917,44.580361
22.262808,60.514142,-164.490833,62.786111
26.938353,60.896394,-160.798889,63.888333
21.762175,63.05065,-149.5975,70.330833
27.868611,62.171111,-159.569167,62.692222
24.715953,64.060547,-159.215556,61.579167
-6.215833,54.6575,-151.005556,70.21
-7.651667,54.398889,-162.043889,60.213611
-5.8725,54.618056,-162.524444,60.873333
-7.161111,55.042778,-161.443611,60.790278
-1.748028,52.453856,-163.168611,59.876389
-1.479722,52.369722,-162.026111,61.8646418
-1.031944,52.607778,-161.319444,61.775
-2.167222,51.894167,-162.666944,60.335278
-2.259444,52.5175,-157.471111,59.356944
-2.056944,51.668056,-157.259444,59.726667
-1.095556,52.040833,-156.858611,59.128056
-1.614444,52.192222,-159.05,58.990278
-2.27495,53.353744,-160.275,59.074444
-2.148889,53.338056,-143.74,66.645
-4.150339,51.087167,-141.149722,64.778056
-4.995408,50.440558,-154.264722,66.039167
-1.993428,51.505144,-156.351389,65.697778
-1.747414,51.152189,-148.541111,65.531111
-5.255711,50.086092,-149.37,65.143611
-3.43575,51.404811,-158.074167,64.729444
-2.638819,51.009358,-150.140833,65.507778
-4.961111,51.833056,-152.075833,65.179556
-3.343333,51.396667,-146.366389,67.008611
-4.067833,51.605333,-147.406667,66.362222
-2.719089,51.382669,-144.780833,65.573889
-2.849722,53.333611,-157.1625,66.888056
-0.368333,51.874722,-145.815319,66.256708
-4.105833,50.422778,-150.176111,67.251389
-1.8425,50.78,-117.829444,35.658889
-1.356803,50.950261,-119.392778,36.318611
-1.0335,51.187167,-120.513889,37.284722
-2.214722,49.706111,-57.7706,-34.4564
-2.601969,49.434956,-58.288612,-33.963882
-2.195508,49.207947,-47.1082,-22.8592
-0.297222,50.835556,-112.374456,33.423725
0.0325,51.330833,-111.4997222,40.659444
-0.190278,51.148056,151.916389,-27.542778
0.055278,51.505278,141.808333,-27.408333
-0.776333,51.275833,152.3419952,-27.55830002
-1.080833,51.676111,66.941,50.2395
-0.8475,51.323889,9.981592,53.542369
-0.461389,51.4775,11.109273,54.455802
0.695556,51.571389,9.2863,48.3676
0.939167,50.956111,-134.585,57.503611
1.346111,51.342222,-136.3475,58.195278
-0.566333,53.719667,-135.218333,57.779722
-2.809167,54.9375,-136.236389,57.955278
-0.951389,53.280556,-134.946111,57.515
-3.028611,53.771667,-134.897778,58.254444
-0.350833,53.574444,-135.449167,58.420556
-3.263667,54.131167,-135.409722,58.096111
-1.660569,53.865897,-133.910278,56.961389
-2.883061,53.745097,-133.147778,55.478889
-2.977778,53.178056,-132.646111,55.481667
-4.623889,54.083333,-131.578056,55.131111
-1.691667,55.0375,-132.536667,55.688056
-1.429406,54.509189,-132.828333,55.206389
-1.328056,52.831111,-130.006667,55.903333
-4.123575,52.811744,-133.6225,56.351944
-2.533561,52.871164,-133.61,56.328889
-2.668042,52.798169,-133.121667,56.116389
-3.055522,53.581575,-158.775278,56.255
-2.905,58.957778,-157.375556,58.185556
-1.295556,59.878889,-158.534167,56.311111
-3.093056,58.458889,-158.401398,56.295556
-2.197778,57.201944,-159.160833,55.906667
-4.0475,57.5425,-157.571944,57.585393
-4.433056,55.871944,-157.0025,58.702222
-3.3725,55.95,-154.1825,56.938611
-6.256667,55.681944,-154.450278,57.566944
-4.586667,55.509444,-153.976667,57.535
-7.362778,57.481111,-153.269722,57.218056
-1.296111,60.432778,-152.500511,57.922876
-3.025833,56.452499,-152.846111,57.885278
-6.331111,58.215556,-154.247778,56.899444
-6.869167,56.499167,-153.815278,57.471389
-2.868444,56.372889,-152.370556,58.190833
-3.339169,57.705214,-154.145833,57.025556
0.175,52.205,-154.229722,57.161389
-0.251111,52.468056,-153.040556,57.93
1.282778,52.675833,-152.582222,58.49
0.235,51.885,-152.5,58.166667
0.154167,51.721667,-153.320556,57.730278
-1.388486,53.394256,-153.548889,57.77
-0.616667,52.072222,-153.75,57.55
-3.413889,50.734444,-157.8575,67.106389
-2.590833,51.519444,-161.149167,65.981667
-1.32,51.836944,-160.436667,66.975833
-1.095833,51.616389,-156.897222,66.912222
0.561,52.409333,-161.022222,66.8175
0.486406,52.361933,-159.985833,66.6
0.956264,52.127283,-166.465833,65.331389
-0.107833,52.357167,-162.270556,64.615
-1.790028,51.682167,-163.007222,64.550556
-1.583617,51.749964,-166.339444,65.240278
-0.942825,51.234139,-168.095,65.6225
-2.305578,52.640028,-163.412778,64.689167
-0.418167,51.553,-163.703333,64.897778
-0.166014,53.093014,-161.154167,64.939444
-1.420253,54.137186,-162.110278,63.49
-1.5354,54.292383,-161.223889,64.371111
-1.1955,53.834333,-162.278056,63.515833
0.772939,52.342611,-167.921667,65.563056
-0.648769,52.735711,-174.206389,52.220278
-0.550833,53.307778,-168.848889,52.941667
-0.476453,52.612558,-141.661667,59.968889
-1.252747,54.048911,-142.493611,60.081901
-0.523811,53.166167,-164.66,62.68
-1.382094,54.205522,-164.847778,62.520556
-0.483242,53.03035,-164.030556,59.933056
-0.561625,52.962225,-163.410278,54.8475
0.550692,52.648353,-161.160278,56.0075
-58.447222,-51.822777,-160.560833,56.006111
4.763889,52.308613,-133.076111,55.579167
5.601389,51.25528,-161.845278,59.755
5.770144,50.911658,-163.532778,63.030556
5.873056,52.060556,-157.730556,64.875833
6.129722,53.119167,-165.571389,61.845278
5.374528,51.450139,-154.851667,59.966944
6.579444,53.11972,-154.1325,59.782222
4.931833,51.567389,-162.439167,60.905833
4.780625,52.923353,-162.881111,59.960833
5.527222,52.460278,-154.383889,63.010833
5.760556,53.228611,-156.082778,62.971944
4.437222,51.956944,-162.899444,61.934444
5.27619,52.1273,-161.230556,60.902778
6.874167,52.27,-160.969444,61.096944
4.417944,52.166139,-160.065,62.894444
4.342031,51.449092,-159.994722,70.638056
-8.491111,51.841269,-70.113581,-38.9755
-8.941592,53.300175,-68.904211,-37.390617
-6.270075,53.421333,-69.083333,-45.6
-8.818492,53.910297,-36.511667,-54.276667
-9.523783,52.180878,-72.3,-51.533333
-6.451333,53.301667,-72.516667,-51.733333
-8.924817,52.701978,-67.5333,-46.4333
-8.599206,54.280214,-67.25,-47.033333
-7.086964,52.1872,-65.341,-41.592
10.619008,56.300017,-69.5833,-41.3
9.151778,55.740322,-71.75,-47.533333
12.655972,55.617917,-72.93,-49.328889
8.553403,55.525942,-147.991944,60.077222
12.382222,55.941387,-142.048333,62.071111
9.124628,56.297458,-142.953611,63.329444
11.000083,57.277228,-144.076111,65.827778
11.440117,54.699344,-132.833889,56.014722
10.330933,55.476664,-158.135,61.867778
9.279014,54.870306,-157.350278,61.788056
12.131428,55.585567,-157.165833,61.700566
14.759558,55.063267,-156.591111,61.7875
9.791731,54.964367,-148.968889,63.8675
9.263931,55.225553,-133.945556,56.973056
9.172983,56.550208,-133.101693,55.554658
8.705225,57.0688,-152.301944,63.886111
9.330925,55.436283,-150.644167,64.9975
-7.277219,62.063628,-169.663611,56.577222
9.458611,56.846944,-146.691111,60.8725
8.353906,55.990122,-131.663333,55.344444
9.849164,57.092789,-63.461111,45.87
6.211517,49.626575,-61.184444,55.913889
6.110164,62.560372,-59.785278,54.910278
16.144167,69.2925,-71.929444,61.588611
23.371667,69.976111,-71.641389,48.508611
6.501497,60.63885,-63.611389,50.281944
12.2175,65.461111,-68.496944,48.478056
14.365278,67.269167,72.902075,3.578742
5.218142,60.293386,72.902075,3.578742
29.6925,70.600278,-98.512222,58.706111
8.085369,58.204214,-101.468889,58.614167
8.512778,60.416667,-98.907222,56.792778
18.540356,69.055758,-101.679167,57.889444
16.678108,68.4913,-95.466111,52.045
9.288056,61.015556,-97.760278,54.610833
5.024722,61.583611,-93.557222,54.167222
11.100361,60.193917,-119.407778,58.491389
5.208364,59.345267,-110.741111,54.304722
22.139744,70.486675,-123.95,49.183333
7.824522,63.111781,-123.5,48.85
11.036089,59.969336,-123.233333,48.75
29.891295,69.725781,-124.393889,49.337222
6.62605,58.099486,-124.262778,54.397222
7.2625,62.744722,-123.0075,49.073889
13.214914,65.783997,-122.630556,49.101111
24.973489,70.068814,-128.063611,52.139722
9.212222,59.565683,-123.718611,49.460556
9.604003,63.698908,-114.076667,64.190833
11.342347,62.578411,-108.538056,25.651944
10.785389,59.378933,-115.189444,28.0375
15.465556,78.246111,-109.937081,22.9475
9.566944,59.185,-114.911111,27.705278
5.34085,59.791925,-112.098889,27.093056
12.468944,65.956828,73.373325,4.531313889
18.918919,69.683333,4.4,50.8
10.258628,59.186703,-88.045,17.683611
10.92425,63.457556,-88.416667,16.516667
5.637856,58.876778,-88.216667,16.966667
20.911047,52.268494,-88.361667,16.536944
18.466222,54.377569,-88.130833,18.355556
19.784836,50.077731,-91.476111,15.314722
19.034181,50.238147,-83.0675,12.168611
19.080019,50.474253,-84.630556,14.041667
21.462131,50.322275,-84.404722,13.897222
16.826325,52.421031,-84.776944,13.716667
22.019,50.109958,-83.975833,14.737778
14.902206,53.584731,-84.783333,11.133333
17.1075,54.478889,-85.483333,9.866667
15.82625,53.790639,10.6866,47.585
20.967122,52.16575,-62.193333,16.791389
16.885836,51.102683,-69.79,18.81
15.798556,52.138517,-70.719852,18.907626
15.525683,58.402278,-78.335556,18.34
16.103592,58.610867,7.222781,51.478506
17.588581,59.897328,10.6294,47.874
15.265,56.266667,11.555,48.1408
13.053231,58.498136,11.081944,49.446389
12.279819,57.662836,-65.643333,18.245278
14.068731,57.757594,-65.179932,-32.349803
13.587847,58.169794,-64.940833,18.338611
13.174414,58.465522,-64.705,17.747222
11.870372,57.774722,-70.816667,-45.016667
13.972672,58.4564,-70.466667,-44.016667
12.345,58.318056,-66.833333,-20.466667
14.507119,58.513842,10.8863,48.3655
12.714389,58.426445,8.469858,49.479633
17.890694,59.418694,7.013889,51.451389
14.495922,59.345867,-67.498056,-14.4275
14.511383,60.957908,-76.31,40.05
16.912189,58.788636,-75.29,40.01
12.639442,59.675856,173.04,1.8
15.604761,56.610761,-74.3275,40.568
13.921667,56.950278,-90.1562211,38.5707244
14.085536,55.921686,-54.9919,4.9982
12.869444,55.944444,-56.3241,2.5232
16.497972,57.350453,-54.05,5.516667
13.599439,57.264167,-54.033333,3.416667
16.287578,56.685531,-55.0614,3.5017
13.371639,55.530193,-55.45,4.233333
12.820211,56.691128,-55.483333,4.016667
14.137222,57.292222,-54.66667,4.11667
14.727994,56.929144,-57.223,4.406
15.458333,63.738333,-56.483,3.1
13.747222,62.408889,-56.783333,2.33333
14.42295,62.047811,-54.4,5.616667
20.814636,67.132408,-57.039444,5.955556
17.080719,61.768092,-55.190833,5.811111
20.147181,66.496236,-55.083333,4.9
17.768856,63.048597,-56.0035,1.96605
18.716219,64.548322,-54.41667,4.35
14.802778,63.128611,-56.3275,5.865833
17.443928,62.528125,-56.63333,5.76667
18.990039,63.408339,-59.483333,5.163333
21.260833,65.398333,-85.0917,10.414
20.336764,67.821986,-76.4519,37.0228
14.712567,61.190033,-122.6768,45.529
21.076892,64.624772,-60.016667,4.7
17.002917,62.481369,-59.133333,3.95
20.282758,63.791828,-58.583333,4.033333
16.833575,64.579083,-60.28198,5.69252
19.281944,65.590278,-60.614167,5.865278
15.037956,59.223733,-59.783333,8.2
16.633611,59.589444,-59.15,5.266667
22.121989,65.543758,-55.829722,-22.641389
20.149917,65.875325,-77.3,8.516667
15.924055,59.386585,-71.9,6.916667
17.918611,59.651944,-73.016667,-0.733333
17.94165,59.354372,134.695,67.648
15.515211,60.422017,-73.7875,2.179167
15.823333,57.525833,-76.605556,0.978889
16.951389,60.593333,-74.808889,7.596389
15.680508,58.40615,-75.198333,7.968333
16.250622,58.586253,-76.676389,5.071667
16.7084,59.351078,-75.586389,9.511944
18.346211,57.662797,-42.074167,-22.921667
20.257228,67.764789,-73.4519,44.1871
6.6925,49.972667,-74.75417,40.21889
7.600283,49.436911,-55.586,-11.885
10.914233,49.920433,-49.068889,-11.728889
9.966494,49.648131,-50.625,-9.505
9.082167,52.2785,-50.48,-1.681944
10.022133,52.5912,-48.522778,-0.716944
7.387,52.291167,-56.735833,-2.627778
9.285833,51.1145,-45,-12.083333
9.910019,48.220297,-50.502778,-10.47
7.315333,50.366,-48.220556,-13.526944
9.958167,49.391833,-48.240833,-7.228333
11.100167,49.2175,-60.380556,-5.121389
10.197528,52.919406,-55.910833,-13.05
11.940175,49.698686,-47.400833,-20.538611
8.961586,50.169189,-54.805833,-22.220833
11.836111,49.218056,-64.797778,-7.258889
10.200556,49.743057,-54.633333,-16.466667
8.6585,53.767667,-51.45,-25.383333
8.341014,52.585514,-51.500833,-27.172778
6.042422,50.960817,-75.1487722,39.9969556
9.538167,54.312167,-2.0985,57.1436
7.888667,53.5335,-4.2512,55.8622
12.278333,53.918167,-3.189,55.952
6.658167,50.831167,-1.6171,54.9686
9.516333,54.459333,-1.547,53.794
7.667333,53.547833,-2.23,53.477
13.306,53.602167,-2.979,53.405
9.427167,52.457333,-0.1331,51.5284
11.767222,49.63361,-50.918333,-17.790278
8.463392,49.563569,-46.960278,-19.563056
8.325397,50.049819,-57.718611,-3.383611
10.906,48.0705,-59.593889,-4.387778
7.063333,50.173833,-63.140833,-4.085
11.948667,48.322333,-62.923889,-0.975
11.267,48.205667,-134.607754,58.571385
13.167667,51.767833,-122.330017,47.615884
11.534,48.715667,-134.414978,58.335451
10.861167,48.1855,-135.31723,59.470896
11.2115,48.711,-131.644707,55.346327
8.306333,51.922833,-123.367023,48.429144
16.533333,-28.575001,-56.445833,-14.408889
18.813869,-29.281767,-42.783333,-14.216667
28.301769,-26.23865,3.351,34.6657
27.279111,-32.89715,21.358056,-7.716944
26.302444,-29.092722,20.311189,-9.433017
28.336125,-28.248392,20.732222,-8.443056
26.629194,-27.366769,15.456111,-9.771944
18.601667,-33.964806,20.274,11.034
19.725897,-31.500278,28.7207,22.5806
30.950519,-29.970089,-77.591,39.2407
27.825939,-33.035569,38.5,7.067
29.979764,-26.495644,42.7875,9.359722
27.9089,-28.823119,38.783333,10.633333
28.140061,-25.986267,37.733333,10.316667
22.378889,-34.005553,38,11.966667
24.541389,-32.193611,39.0059,8.7163
26.498083,-33.284721,44.266667,6.733333
30.586706,-29.122011,10.65,-3.416667
26.861178,-28.078694,35.008056,-1.406111
29.106206,-28.235072,37.4699,0.1955
31.048744,-24.368642,38.170556,0.230278
25.528286,-30.562164,29.669,6.825
28.246,-26.139166,30.65,4.083
26.718003,-26.871064,-7.69695,4.37902
24.765167,-28.802834,47.1833,-17.1667
27.725667,-26.080978,135.766667,35.016667
27.315761,-27.660617,7.076111,46.754997
23.411388,-27.456667,8.58889,46.63889
17.094006,-29.688403,7.35806,46.96694
27.926133,-25.938514,35.473056,-21.542778
26.184575,-26.175672,35.436944,-21.849167
29.696544,-23.159911,32.916667,-26
18.160278,-32.968889,35.452222,-21.707222
29.749722,-28.581667,12.430278,9.2575
29.440158,-25.684775,7.933333,5.05
30.343019,-30.857408,7.660278,13.007778
29.283122,-24.989114,-13.322778,15.593611
29.778528,-27.079253,55.208611,-3.721389
-49.9383,69.2225,44.974167,1.999167
